1.3835
-3.6186
-1.2454
-3.7958
0.5899
-1.8756
-0.1125
-2.7446
-2.3325
-7.7054
-2.8951
-1.4172
-3.7271
-13.2044
1.9003
-0.2718
-2.5269
-3.6051
-0.4011
-2.0744
-3.0402
-3.6456
-2.8147
1.2362
-6.0564
-13.1346
-6.1954
6.2737
2.8485
-3.7402
1.5841
-4.0826
-33.3036
3.1334
-6.8676
-3.5669
-7.6148
-5.3249
-2.5942
-5.6057
0.2634
-1.7712
0.9403
-3.4313
-0.4553
-3.0337
-5.2155
-1.4669
-6.7187
2.2714
-2.3149
1.9687
-9.5999
-1.4508
1.1414
0.0213
-0.8054
0.6639
-3.4282
-0.8261
-2.4743
-1.0328
-0.1627
0.1884
-3.6988
-2.4004
-1.0466
0.4587
-7.8725
-1.5300
-4.2659
-2.3472
-0.7391
-0.2003
-0.7582
-0.3431
-0.8621
-3.1708
-0.6987
-1.5531
-1.2798
-2.0995
0.3222
-1.1599
-8.3858
-2.5176
0.5501
-0.5644
0.8411
-16.9505
-20.6509
-12.3883
-9.6842
-10.0608
-9.7681
-9.2649
-3.1863
0.2012
-4.0495
-7.9060
-2.8021
-6.2598
-0.8827
0.4538
-2.6107
-0.7344
-0.8032
-0.5371
-5.8752
-5.8718
1.9352
-3.9955
-0.3967
-15.7827
4.1194
1.2667
-5.8733
-3.2094
1.7546
-7.2767
-5.7077
-3.7325
-4.3048
-2.8169
-5.7940
0.3037
-3.5746
1.6135
0.0112
-4.5757
-0.7876
1.6638
-3.2328
-8.9876
-1.4589
-1.6795
-0.6693
-0.8956
-2.5794
-5.9265
-0.3417
-1.5783
-4.6730
-2.5835
-5.7297
-1.9190
-1.6003
-6.0520
-5.6647
4.0502
-0.8491
-1.3829
-3.7694
-4.2280
-1.0523
-1.0955
-0.2407
-7.3337
-3.2663
-0.7562
-6.2774
-1.5635
5.3107
-0.3649
-4.3375
-4.2592
-4.7959
-4.1232
0.0235
-9.1339
-9.7201
-4.0524
0.3962
-1.7089
-4.9751
0.0465
-8.3082
-2.2392
-3.6042
5.1093
0.5227
-2.8962
-2.2037
2.1143
1.5427
-0.1785
1.7985
-1.4251
-0.6783
-1.0729
-5.5684
-2.4810
-2.0985
-0.4258
1.5104
0.9873
-1.8961
-3.4738
-6.6635
0.4426
-3.5681
-1.0348
-2.5334
-3.8171
3.4501
8.0272
0.7595
-1.3684
-4.9430
-1.2228
-0.6064
-6.2983
-2.5775
-8.8614
-1.8215
-1.3960
0.1463
-2.0445
-0.3899
-1.9238
-6.5031
2.2596
-2.6294
-6.3845
3.0344
-1.0580
3.4709
-1.0983
-0.8003
-2.3535
-0.6647
-4.5220
-7.1006
-0.8714
-1.7930
2.2610
-3.7550
-4.1459
-9.2099
-8.8810
-3.6744
-0.4463
-3.5579
-7.2903
-15.6129
-9.3021
-1.6732
-25.9196
-8.4661
-1.1340
-8.3393
-2.6140
-2.2897
-2.3639
-4.7514
-2.2338
-7.1179
1.9850
-0.6412
-1.2439
-1.3104
5.6618
-0.3498
-3.0211
-0.3588
5.2694
-0.2305
-4.8196
2.5172
3.6526
1.3233
-0.8004
-1.5449
-2.1222
-4.0334
-2.9602
5.2173
1.1497
0.1105
0.4540
-5.0592
-9.0482
-11.0585
-14.3603
-1.1096
-14.1951
13.0760
-6.5656
-5.5913
5.4625
2.0155
-3.1736
-5.9370
-1.1616
-4.2260
-0.9179
-4.6933
-3.2074
0.8306
-5.5564
-2.3387
-0.4613
1.9160
-1.0888
-1.8132
-2.0890
-3.6114
2.1816
-4.3226
1.1216
-3.5654
-1.8809
-4.6163
-0.2335
-0.6366
-1.9762
-2.3651
-2.6398
-2.3443
-2.7652
-6.8262
-3.8832
-1.9912
-2.7338
-2.5121
0.2355
-1.6938
-1.9350
-0.1017
-2.9100
-0.3903
-1.5038
-0.3834
0.0937
-0.1079
-0.0627
-2.2696
0.2456
0.7827
-2.6312
-0.3384
-0.6661
-0.6212
-2.3274
-0.2706
-1.9778
-1.2586
-2.4098
-2.2196
0.8708
-1.0780
-0.5772
-2.8108
-2.0694
-1.8496
-1.4521
-2.5774
0.9078
-0.9606
-0.6438
-2.2710
0.9951
0.9171
-1.7985
-2.0961
-0.2977
-2.8368
-1.8443
-0.6539
-1.9445
-2.7098
-0.4874
-9.4808
-0.1782
-6.2769
-10.9049
-2.6185
-7.4274
-2.1311
-11.4693
3.3685
-7.6104
-6.2617
-1.2598
-12.8657
-8.1633
-1.8073
8.3731
-10.6062
2.6328
-7.6018
4.9712
-4.7591
-3.1632
-7.6681
-12.0030
-1.2224
-2.5419
-11.5117
-4.5661
0.1545
-10.0230
-2.1956
-0.4575
-1.3985
-0.2199
-1.1050
-15.6694
-26.2649
-4.1320
-3.1852
-2.7924
-0.0727
-0.0136
-4.6862
-2.4447
1.6719
1.1004
-1.3343
-4.4692
-3.1948
-0.5191
-1.7205
-2.0777
0.0990
-2.0277
-1.8476
0.7968
-1.5038
-1.2157
-0.5828
0.1512
1.3442
-4.4992
-3.2096
0.4612
-1.2250
-0.7600
-1.7495
0.3770
0.7285
-1.4078
-0.3843
4.8012
1.4946
-0.8759
-0.2005
-0.5797
2.1783
-7.2541
-3.9507
1.5809
-3.4278
-6.6664
-3.1738
-2.4983
0.2765
1.1764
-0.6054
-3.7565
-4.5512
-0.0809
-2.2549
-3.8658
-0.4825
-2.7982
-2.2034
1.8421
-0.2914
-1.4927
-0.4709
-1.2858
-1.1299
0.8626
-0.7009
-0.8404
-0.4081
-1.9019
0.6261
1.2082
3.2423
-0.6623
-1.9150
-2.9399
-1.4935
-1.4063
-0.9141
0.9312
-2.4938
-1.1348
-2.2795
-1.7497
-3.3119
-0.3405
-2.1527
-1.2477
1.1367
-0.5104
-1.6400
0.3111
-2.7054
0.5865
-2.2918
0.3971
-0.3164
-1.1582
-1.5473
-1.9575
-0.5373
