-0.10
-0.16
-0.33
-0.07
0.12
-0.05
-0.05
-0.03
-0.03
0.21
0.15
0.03
0.15
-0.27
0.04
-0.19
-0.07
-0.05
-0.11
-0.18
0.11
-0.20
-0.04
0.37
-0.51
0.13
-0.23
-0.09
-0.01
-0.10
-0.29
0.19
0.19
0.27
0.01
-0.11
0.33
0.47
0.03
0.02
-0.16
-0.07
-0.37
-0.38
-0.13
-0.32
0.26
0.18
1.14
-0.23
0.26
0.33
-0.36
0.17
0.56
-0.33
0.52
-0.05
0.49
0.27
-0.13
-0.23
0.06
0.19
0.45
-0.15
0.27
0.01
0.58
0.01
0.77
0.16
0.09
-0.25
-0.09
-0.17
-0.38
0.29
0.43
0.62
-0.39
-0.29
0.08
-0.31
0.36
-0.37
0.09
-0.58
0.10
0.08
0.08
0.10
-0.23
-0.22
-0.65
-0.26
-0.07
0.07
0.43
0.26
0.39
0.06
-0.28
-0.04
0.40
-0.25
0.26
-0.19
-0.24
0.00
-0.10
0.26
0.14
0.22
0.23
0.03
0.13
0.01
0.29
0.34
-0.32
0.02
-0.19
-0.51
0.08
0.11
0.12
0.11
0.09
0.09
-0.38
0.12
-0.44
0.01
0.12
0.28
0.07
0.07
0.07
0.12
0.10
0.12
0.11
-0.60
0.44
0.08
0.09
0.97
0.21
0.19
0.02
-0.30
-0.49
0.04
-0.24
-0.29
-0.01
0.20
0.14
0.23
-0.05
-0.16
0.16
-0.33
-0.23
-0.24
0.23
0.09
0.09
0.09
0.08
0.16
0.10
-0.06
0.37
-0.30
-0.18
0.04
0.03
0.15
-0.49
-0.42
-0.34
0.27
0.30
-0.33
-0.14
-0.45
0.47
0.10
0.50
0.20
0.12
-0.06
0.14
0.30
-0.19
0.48
-0.08
0.57
0.67
-0.06
0.20
-0.32
-0.04
0.10
-0.18
-0.04
0.04
-0.18
-0.30
-0.29
-0.61
-0.69
-0.01
-0.67
-0.18
-0.53
-0.76
0.45
0.25
-0.05
0.70
-0.28
0.14
0.21
0.01
0.34
0.06
-0.11
0.15
-0.06
0.01
-0.35
0.02
-0.24
0.01
0.55
-0.15
-0.32
-0.01
0.05
0.15
0.71
-0.03
0.21
-0.02
-0.71
-0.20
-0.87
-0.46
-0.02
-0.08
0.07
0.06
-0.11
-0.22
0.18
-0.15
0.26
0.23
0.34
0.17
0.32
-0.26
-0.36
0.45
-0.69
-0.65
-0.73
0.19
-0.81
-0.15
-0.13
-0.36
0.61
-0.50
0.31
0.27
-0.31
-0.14
-0.34
0.05
0.84
0.08
0.08
-0.22
0.21
-0.36
0.23
0.37
-0.42
0.24
-0.14
-0.34
0.49
0.09
-0.21
0.13
-0.25
0.05
0.18
0.10
0.18
-0.23
-0.09
0.18
-0.05
-0.21
-0.02
0.49
0.13
0.55
-0.17
-0.02
-0.14
-0.11
-0.14
0.23
0.17
-0.20
-0.05
-0.57
